14, 0;
15, 0;
16, 0;
17, 0;
18, 0;
19, 0;
20, 0;
21, 0;
22, 0;
23, 0;
24, 0;
25, 0;
26, 0;
27, 0;
28, 0;
29, 0;
30, 0;
31, 0;
32, 0;
33, 0;
34, 0;
35, 0;
36, 0;
37, 0;
38, 0;
39, 0;
40, 0;
41, 0;
42, 0;
43, 0;
44, 0;
45, 0;
46, 0;
47, 0;
48, 0;
49, 0;
50, 0;
51, 0;
52, 0;
53, 0;
54, 0;
55, 0;
56, 0;
57, 0;
58, 0;
59, 0;
60, 0;
61, 0;
62, 0;
63, 0;
64, 0;
65, 0;
66, 0;
67, 0;
68, 0;
69, 0;
70, 0;
71, 0;
72, 0;
73, 0;
74, 0;
75, 0;
76, 0;
77, 0;
78, 0;
79, 0;
80, 0;
81, 0;
82, 0;
83, 0;
84, 0;
85, 0;
86, 0;
87, 0;
88, 0;
89, 0;
90, 0;
91, 0;
92, 0;
93, 0;
94, 0;
95, 0;
96, 0;
97, 0;
98, 0;
99, 0;
100, 0;
101, 0;
102, 0;
103, 0;
104, 0;
105, 1;
106, 1;
107, 1;
108, 3;
109, 3;
110, 3;
111, 3;
112, 3;
113, 3;
114, 6;
115, 6;
116, 6;
117, 6;
118, 6;
119, 6;
120, 6;
121, 6;
122, 6;
123, 6;
124, 8;
125, 10;
126, 10;
127, 10;
128, 10;
129, 10;
130, 11;
131, 11;
132, 12;
133, 14;
134, 14;
135, 14;
136, 17;
137, 17;
138, 17;
139, 20;
140, 23;
141, 26;
142, 26;
143, 27;
144, 28;
145, 31;
146, 32;
147, 32;
148, 33;
149, 35;
150, 36;
151, 36;
152, 36;
153, 37;
154, 37;
155, 37;
156, 37;
157, 39;
158, 39;
159, 40;
160, 41;
161, 42;
162, 44;
163, 44;
164, 44;
165, 44;
166, 44;
167, 44;
168, 44;
169, 44;
170, 44;
171, 45;
172, 45;
173, 45;
174, 45;
175, 45;
176, 46;
177, 46;
178, 46;
179, 46;
180, 46;
181, 46;
182, 46;
183, 47;
184, 47;
185, 47;
186, 47;
187, 48;
188, 50;
189, 50;
190, 50;
191, 52;
192, 54;
193, 56;
194, 56;
195, 58;
196, 59;
197, 59;
198, 60;
199, 63;
200, 68;
201, 73;
202, 75;
203, 79;
204, 81;
205, 83;
206, 86;
207, 87;
208, 88;
209, 89;
210, 90;
211, 90;
212, 90;
213, 90;
214, 90;
215, 90;
216, 90;
217, 90;
218, 90;
219, 90;
220, 90;
221, 90;
222, 90;
223, 90;
224, 90;
225, 90;
226, 90;
227, 90;
228, 90;
229, 90;
230, 90;
231, 91;
232, 91;
233, 91;
234, 92;
235, 93;
236, 93;
237, 94;
238, 94;
239, 94;
240, 96;
241, 97;
242, 97;
243, 97;
244, 97;
245, 97;
246, 98;
247, 99;
248, 101;
249, 101;
250, 102;
251, 103;
252, 103;
253, 105;
254, 108;
255, 113;
256, 114;
257, 115;
258, 120;
259, 126;
260, 129;
