14, 0;
15, 0;
16, 0;
17, 0;
18, 0;
19, 0;
20, 0;
21, 0;
22, 0;
23, 0;
24, 0;
25, 0;
26, 0;
27, 0;
28, 0;
29, 0;
30, 0;
31, 0;
32, 0;
33, 0;
34, 0;
35, 0;
36, 0;
37, 0;
38, 0;
39, 0;
40, 0;
41, 0;
42, 0;
43, 0;
44, 0;
45, 0;
46, 0;
47, 0;
48, 0;
49, 0;
50, 0;
51, 0;
52, 0;
53, 0;
54, 0;
55, 0;
56, 0;
57, 0;
58, 0;
59, 0;
60, 0;
61, 0;
62, 0;
63, 0;
64, 0;
65, 0;
66, 0;
67, 0;
68, 0;
69, 0;
70, 0;
71, 0;
72, 0;
73, 0;
74, 0;
75, 0;
76, 0;
77, 0;
78, 0;
79, 0;
80, 0;
81, 0;
82, 0;
83, 0;
84, 0;
85, 0;
86, 0;
87, 0;
88, 0;
89, 0;
90, 0;
91, 0;
92, 0;
93, 0;
94, 0;
95, 0;
96, 0;
97, 0;
98, 0;
99, 0;
100, 0;
101, 0;
102, 0;
103, 0;
104, 0;
105, 1;
106, 1;
107, 1;
108, 3;
109, 3;
110, 3;
111, 3;
112, 3;
113, 3;
114, 6;
115, 6;
116, 6;
117, 6;
118, 6;
119, 6;
120, 6;
121, 6;
122, 6;
124, 9;
125, 11;
126, 11;
127, 11;
128, 11;
129, 11;
130, 12;
131, 12;
132, 13;
133, 15;
134, 15;
135, 15;
136, 18;
137, 18;
138, 18;
139, 21;
140, 24;
141, 27;
142, 27;
143, 28;
144, 29;
145, 32;
146, 33;
147, 33;
148, 34;
149, 36;
150, 37;
151, 37;
152, 37;
153, 38;
154, 38;
155, 38;
156, 38;
157, 40;
158, 40;
159, 41;
160, 42;
161, 42;
162, 43;
163, 44;
164, 44;
165, 44;
166, 44;
167, 44;
168, 44;
169, 44;
170, 44;
171, 45;
172, 45;
173, 45;
174, 45;
175, 45;
176, 46;
177, 46;
178, 46;
179, 46;
180, 46;
181, 46;
182, 46;
183, 47;
184, 47;
185, 47;
186, 47;
187, 48;
188, 50;
189, 50;
190, 50;
191, 52;
192, 54;
193, 56;
194, 56;
195, 58;
196, 59;
197, 59;
198, 59;
199, 63;
200, 68;
201, 73;
202, 75;
203, 79;
204, 81;
205, 83;
206, 86;
207, 88;
208, 89;
209, 90;
210, 90;
211, 90;
212, 90;
213, 90;
214, 90;
215, 90;
216, 90;
217, 90;
218, 90;
219, 90;
220, 90;
221, 90;
222, 90;
223, 90;
224, 90;
225, 90;
226, 90;
227, 90;
228, 90;
229, 90;
230, 90;
231, 91;
232, 91;
233, 91;
234, 92;
235, 93;
236, 93;
237, 94;
238, 94;
239, 94;
240, 96;
241, 97;
242, 97;
243, 97;
244, 97;
245, 97;
246, 98;
247, 99;
248, 101;
249, 101;
250, 102;
251, 103;
252, 103;
253, 105;
254, 108;
255, 112;
156, 113;
257, 114;
258, 119;
259, 125;
260, 128;
